3.62
3.65
3.69
3.72
3.75
3.79
3.82
3.85
3.88
3.92
3.95
3.98
4.02
4.05
4.08
4.11
4.15
4.18
4.21
4.25
4.28
4.31
4.34
4.38
4.41
4.44
4.48
4.51
4.54
4.58
4.61
4.64
4.67
4.71
4.74
4.77
4.81
4.84
4.87
4.9
4.94
4.97
5
5.04
5.07
5.1
5.13
5.17
5.2
5.23
5.27
5.3
5.33
5.37
5.4
5.43
5.46
5.5
5.53
5.56
5.6
5.63
5.66
5.69
5.73
5.76
5.79
5.83
5.86
5.89
5.92
5.96
5.99
6.02
6.06
6.09
6.12
6.16
6.19
6.22
6.25
6.29
6.32
6.35
6.39
6.42
6.45
6.48
6.52
6.55
6.58
6.62
6.65
6.68
6.71
6.75
6.78
6.81
6.85
6.88
6.91
